  procentsOfClasses: [0.1000 0.2000 0.7000]
model.sigmas{1}, model.evs{1}

ans =

    4.0000    0.0000
    0.0000    4.0000


ans =

   -26
   -18

>> model.sigmas{2}, model.evs{2}

ans =

   10.0000   -0.0000
   -0.0000   10.0000


ans =

     7
    11

>> model.sigmas{3}, model.evs{3}

ans =

   10.0000   -0.0000
   -0.0000   10.0000


ans =

    25
   -26
