>> model.sigmas{1}, model.evs{1}

ans =

   10.0000         0
    0.0000   10.0000


ans =

    27
   -13

>> model.sigmas{2}, model.evs{2}

ans =

    4.0000   -0.0000
   -0.0000    4.0000


ans =

    -4
   -21

>> model.sigmas{3}, model.evs{3}

ans =

   10.0000    0.0000
    0.0000   10.0000


ans =

   -15
    -2
